X,Y
0.006787330316742279, 0.5090909090909093
0.040723981900452566, 0.5090909090909093
0.06787330316742102, 0.5090909090909093
0.09502262443438947, 0.5113636363636365
0.14253393665158387, 0.5113636363636365
0.19683257918552055, 0.5181818181818183
0.2579185520361993, 0.5249999999999999
0.29864253393665185, 0.5295454545454548
0.3393665158371042, 0.5363636363636364
0.38009049773755677, 0.5431818181818182
0.42760180995475117, 0.55
0.4886877828054301, 0.5590909090909093
0.5497737556561086, 0.5727272727272728
0.6040723981900451, 0.5840909090909092
0.6447963800904979, 0.5954545454545455
0.6787330316742082, 0.6022727272727273
0.7466063348416292, 0.615909090909091
0.7941176470588236, 0.6272727272727272
0.841628959276018, 0.6386363636363637
0.9298642533936652, 0.6613636363636364
0.9841628959276021, 0.6750000000000002
1.0520361990950227, 0.6886363636363637
1.1199095022624437, 0.7045454545454545
1.1877828054298643, 0.7227272727272728
1.2420814479638012, 0.7340909090909091
1.3099547511312217, 0.7500000000000001
1.3914027149321269, 0.7704545454545455
1.5135746606334843, 0.7931818181818182
1.5678733031674208, 0.8068181818181818
1.6289592760180993, 0.8204545454545455
1.6764705882352942, 0.8295454545454545
1.7511312217194568, 0.8454545454545455
1.8122171945701357, 0.8568181818181818
1.8529411764705885, 0.8636363636363638
1.900452488687783, 0.8750000000000001
1.9954751131221722, 0.8931818181818182
2.0904977375565608, 0.9113636363636364
2.1719457013574663, 0.9272727272727274
2.239819004524887, 0.9409090909090909
2.2873303167420813, 0.9500000000000001
2.3552036199095028, 0.9613636363636363
2.4095022624434392, 0.9727272727272727
2.497737556561086, 0.990909090909091
2.5520361990950233, 1
2.613122171945702, 1.0136363636363637
2.6877828054298645, 1.0272727272727273
2.755656108597285, 1.040909090909091
2.8438914027149327, 1.0568181818181817
2.904977375565611, 1.0681818181818181
2.9728506787330318, 1.0818181818181818
